000000000002
000000000055
000000000076
000000000069
000000000054
000000000072
000000000037
000000000075
000000000010
000000000003
000000000020
000000000043
000000000031
000000000025
000000000041
000000000023
000000000071
000000000062
000000000060
000000000073
000000000061
000000000006
000000000004
000000000038
000000000039
000000000016
000000000027
000000000068
000000000064
000000000008
000000000067
000000000007
000000000021
000000000040
000000000057
000000000052
000000000053
000000000035
000000000070
000000000045
000000000015
000000000047
000000000032
000000000051
000000000056
000000000013
000000000026
000000000074
000000000012
000000000036
000000000019
000000000058
000000000066
000000000029
000000000018
000000000022
000000000059
000000000030
000000000005
000000000024
000000000011
000000000046
000000000065
000000000014
000000000028
000000000017
000000000048
000000000033
000000000044
000000000042
000000000001
000000000050
000000000034
000000000049
000000000009
000000000063
